     1.02363    -0.136855  4.20718e-17  -0.00748726 -1.23584e-33    0.0190279    0.0190279
   -0.136855      1.15786 -2.32839e-16    0.0721601  7.52637e-33    -0.222333    -0.222333
 4.20718e-17 -2.32839e-16      1.07331 -4.40085e-17  1.26211e-16    -0.175758     0.175758
 -0.00748726    0.0721601 -4.40085e-17      1.03831  1.71825e-31    -0.118463    -0.118463
-1.23584e-33  7.52637e-33  1.26211e-16  1.71825e-31            1  7.13711e-17 -7.13711e-17
   0.0190279    -0.222333    -0.175758    -0.118463  7.13711e-17      1.12972   -0.0625975
   0.0190279    -0.222333     0.175758    -0.118463 -7.13711e-17   -0.0625975      1.12972
